 primalDim  primalFOM  dualDim  dualFOM  sameProj 
      3    0.136995      2    0.189208    0
      3    0.163048      4    0.242271    0
      2    0.145708      2    0.145708    2
      3    0.136995      4    0.187663    0
      2    0.131703      2    0.131703    2
      4    0.0877353      3    0.13726    0
      2    0.146522      2    0.146522    2
      4    0.207339      3    0.106321    0
      3    0.136995      4    0.157668    0
      3    0.0334174      2    0.131703    0
      3    0.145839      3    0.0290843    3
      2    0.145708      2    0.145708    2
      3    0.10243      2    0.146522    0
      4    0.0511319      3    0.0769498    0
      2    0.0651613      2    0.0651613    2
      3    0.153821      4    0.216694    0
      3    0.176153      3    0.130659    0
      2    0.182903      4    0.13139    0
      2    0.0651613      2    0.0651613    2
      4    0.0811371      3    0.0673578    0
      2    0.131703      2    0.131703    2
      4    0.118696      3    0.145421    0
      2    0.0651613      2    0.0651613    2
      2    0.025608      2    0.025608    2
      2    0.145708      3    0.101511    0
      2    0.248447      3    0.220978    0
      2    0.146522      2    0.146522    2
      3    0.118505      3    0.132992    0
      2    0.0651613      2    0.0651613    2
      2    0.0957518      2    0.0957518    2
      3    0.120945      3    0.179502    0
      2    0.131703      2    0.131703    2
      3    0.219      4    0.193103    0
      4    0.148931      3    0.0613847    0
      3    0.147466      3    0.149335    0
      2    0.136395      2    0.136395    2
      2    0.0872112      2    0.0872112    2
      3    0.188226      3    0.169589    0
      2    0.0651613      2    0.0651613    2
      3    0.127003      3    0.0769498    0
      3    0.157876      3    0.18991    0
      2    0.136007      2    0.136007    2
      4    0.166362      3    0.155639    0
      2    0.207566      3    0.173179    0
      3    0.134283      3    0.126775    3
      2    0.108983      2    0.108983    2
      2    0.0651613      2    0.0651613    2
      3    0.0553836      3    0.0902849    0
      2    0.069557      2    0.069557    2
      4    0.141495      3    0.194906    0
      3    0.144831      4    0.143931    0
      3    0.112279      2    0.139981    0
      3    0.177867      3    0.179073    0
      2    0.025608      2    0.025608    2
      2    0.146522      4    0.0910298    0
      3    0.0747868      3    0.0568312    3
      2    0.214233      4    0.164106    0
      4    0.17168      4    0.187663    0
      2    0.0651613      2    0.0651613    2
      2    0.0641651      2    0.0641651    2
      2    0.0957518      2    0.0957518    2
      2    0.178813      3    0.176478    0
      4    0.145485      3    0.179502    0
      3    0.171451      3    0.115674    0
      3    0.0769568      4    0.123255    0
      4    0.179558      3    0.0868111    0
      3    0.180094      4    0.164106    0
      2    0.166372      4    0.143931    0
      3    0.188067      3    0.177564    0
      3    0.0768837      3    0.146213    0
      2    0.207566      3    0.158333    0
      3    0.111527      4    0.21186    0
      3    0.204463      3    0.165922    0
      3    0.153734      3    0.167536    0
      2    0.0872112      2    0.0872112    2
      3    0.118955      4    0.133992    0
      4    0.146266      3    0.176695    0
      4    0.193897      4    0.150956    4
      2    0.0651613      2    0.0651613    2
      3    0.124684      3    0.197843    0
      4    0.167314      3    0.0769498    0
      2    0.20332      3    0.120557    0
      4    0.234165      3    0.18991    0
      3    0.174969      4    0.164106    0
      3    0.0929227      2    0.136007    0
      2    0.0700008      2    0.0700008    2
      4    0.194953      3    0.115341    0
      3    0.185753      2    0.196674    0
      4    0.202952      3    0.184571    0
      3    0.222896      4    0.111488    0
      2    0.1325      2    0.1325    2
      4    0.156587      3    0.123394    0
      2    0.0621844      2    0.0621844    2
      3    0.118009      4    0.185814    0
      4    0.279911      4    0.208575    0
      2    0.156083      3    0.143826    0
      3    0.11991      3    0.180783    0
      2    0.0995618      2    0.0995618    2
      3    0.162427      2    0.215507    0
      4    0.212747      3    0.177564    0
      3    0.212244      4    0.219858    0
      2    0.152691      2    0.152691    2
      4    0.23865      4    0.180153    0
      3    0.102453      4    0.153226    0
      2    0.139981      3    0.108823    0
      2    0.125249      2    0.125249    2
      2    0.248447      3    0.182476    0
      2    0.123255      2    0.123255    2
      3    0.183614      3    0.0915536    3
      4    0.114854      4    0.0830984    0
      2    0.146522      2    0.146522    2
      3    0.110389      4    0.170301    0
      2    0.0872112      2    0.0872112    2
      3    0.103723      4    0.101774    0
      2    0.0402443      2    0.0402443    2
      3    0.177904      3    0.114673    0
      4    0.165768      2    0.194484    0
      2    0.0471348      2    0.0471348    2
      2    0.0651613      2    0.0651613    2
      2    0.0963709      2    0.0963709    2
      2    0.0641651      2    0.0641651    2
      4    0.184677      2    0.206808    0
      2    0.0957518      2    0.0957518    2
      2    0.069557      2    0.069557    2
      2    0.0995618      2    0.0995618    2
      2    0.203418      3    0.164992    0
      3    0.174841      3    0.158333    3
      3    0.216115      4    0.226052    0
      4    0.0811559      3    0.148301    0
      2    0.0827053      2    0.0827053    2
      4    0.180655      2    0.205003    0
      4    0.151894      3    0.0827289    0
      3    0.194735      3    0.200929    3
      3    0.220628      3    0.215873    0
      3    0.168082      3    0.200162    0
      2    0.017481      2    0.017481    2
      2    0.166372      4    0.150956    0
      2    0.0249547      2    0.0249547    2
      3    0.162029      4    0.219858    0
      2    0.0621844      2    0.0621844    2
      4    0.250266      3    0.205657    0
      3    0.132579      4    0.13139    0
      3    0.205      3    0.0690491    3
      4    0.183082      3    0.0644405    0
      4    0.145866      3    0.0382242    0
      4    0.117541      3    0.0868111    0
      3    0.204463      3    0.165922    0
      2    0.121088      2    0.121088    2
      4    0.20653      4    0.232081    0
      2    0.0465264      2    0.0465264    2
      4    0.0570099      2    0.0872112    0
      2    0.149532      3    0.0968595    0
      2    0.0995618      2    0.0995618    2
      2    0.130494      2    0.130494    2
      2    0.141077      2    0.141077    2
      2    0.151049      4    0.123255    0
      3    0.202614      3    0.178212    0
      2    0.139981      2    0.139981    2
      3    0.228079      3    0.0915536    0
      3    0.15571      3    0.155144    0
      3    0.0947408      4    0.126025    0
      2    0.0573118      2    0.0573118    2
      4    0.143507      3    0.0769498    0
      3    0.0584669      3    0.0868111    3
      3    0.186927      3    0.177347    3
      3    0.151149      3    0.176478    0
      4    0.124206      3    0.181631    0
      2    0.141077      2    0.141077    2
      4    0.179797      2    0.249522    0
      2    0.0951461      2    0.0951461    2
      2    0.0259922      2    0.0259922    2
      3    0.094007      3    0.100369    0
      2    0.0377998      2    0.0377998    2
      3    0.19957      3    0.180783    0
      3    0.213439      4    0.0830984    0
      3    0.0876727      2    0.160242    0
      2    0.0681172      2    0.0681172    2
      4    0.191836      3    0.161221    0
      4    0.188804      2    0.207566    0
      2    0.101566      3    0.101511    0
      3    0.132488      4    0.176278    0
      3    0.044185      2    0.0641651    0
      2    0.1325      2    0.1325    2
      2    0.0654396      2    0.0654396    2
      3    0.210439      4    0.203549    0
      3    0.144694      3    0.167536    0
      2    0.107779      2    0.107779    2
      3    0.123805      3    0.111269    3
      4    0.257321      3    0.208627    0
      4    0.0757741      4    0.194883    4
      2    0.236807      4    0.150956    0
      4    0.215374      2    0.255877    0
      3    0.0638943      3    0.138654    3
      3    0.175814      4    0.159843    0
      4    0.0996171      3    0.203401    0
      3    0.121403      2    0.211142    0
      2    0.0995618      2    0.0995618    2
      4    0.166823      4    0.101774    0
      3    0.174131      2    0.215507    0
      3    0.163769      4    0.183946    0
      3    0.1183      3    0.13726    0
      2    0.0377998      2    0.0377998    2
      4    0.229289      3    0.101511    0
      3    0.0912661      3    0.140855    0
      4    0.143959      3    0.138931    0
      3    0.079957      3    0.202644    3
      3    0.106947      3    0.0831923    0
      2    0.110358      2    0.110358    2
      4    0.113132      3    0.20112    0
      3    0.181584      3    0.214981    0
      2    0.139981      2    0.139981    2
      2    0.246122      3    0.139759    0
      4    0.101891      4    0.254775    0
      2    0.136007      2    0.136007    2
      4    0.138559      3    0.247566    0
      3    0.218665      3    0.123082    3
      3    0.11299      3    0.0588259    3
      3    0.171613      3    0.158333    0
      4    0.201282      3    0.191121    0
      2    0.0339311      2    0.0339311    2
      2    0.0224456      2    0.0224456    2
      3    0.0710624      3    0.126775    3
      3    0.0469025      2    0.0668443    0
      4    0.265661      3    0.158333    0
      2    0.0353497      2    0.0353497    2
      4    0.193842      4    0.219858    0
      2    0.0872112      2    0.0872112    2
      4    0.150582      3    0.185817    0
      2    0.241434      3    0.212824    0
      2    0.0995618      2    0.0995618    2
      2    0.115116      4    0.111488    0
      3    0.141376      3    0.188284    0
      4    0.122507      3    0.176695    0
      4    0.143673      3    0.0948539    0
      2    0.160242      2    0.160242    2
      2    0.0849906      2    0.0849906    2
      4    0.155863      4    0.111488    4
      3    0.105859      4    0.201845    0
      2    0.0651613      2    0.0651613    2
      3    0.183739      3    0.0749244    0
      3    0.154363      3    0.115341    3
      3    0.208247      3    0.0964617    0
      2    0.0641651      2    0.0641651    2
      2    0.218946      4    0.101774    0
      3    0.0473616      3    0.115341    0
      3    0.161001      3    0.161459    0
      3    0.247479      4    0.153226    0
      2    0.112987      2    0.112987    2
      2    0.069557      2    0.069557    2
      4    0.202678      3    0.222711    0
      4    0.241451      3    0.189505    0
      3    0.265982      4    0.216694    0
      2    0.0627332      2    0.0627332    2
      3    0.167836      2    0.188471    0
      3    0.158063      3    0.237418    0
      2    0.103403      2    0.103403    2
      2    0.0259922      2    0.0259922    2
      3    0.200688      3    0.192325    0
      4    0.168803      3    0.148301    0
      2    0.0700008      2    0.0700008    2
      2    0.0827053      2    0.0827053    2
      2    0.0528744      2    0.0528744    2
      2    0.205003      4    0.174309    0
      4    0.140728      3    0.126775    0
      5    0.174436      3    0.0827289    0
      3    0.157572      3    0.166846    0
      3    0.127162      2    0.17018    0
      3    0.14108      3    0.152393    0
      3    0.0955283      2    0.201049    0
      3    0.126373      3    0.173843    0
      3    0.0997345      3    0.119275    0
      3    0.1123      3    0.0759439    0
      2    0.017481      2    0.017481    2
      2    0.025608      2    0.025608    2
      2    0.0180391      2    0.0180391    2
      2    0.155852      2    0.155852    2
      2    0.126483      2    0.126483    2
      3    0.157027      3    0.173843    0
      3    0.187543      3    0.222711    0
      2    0.0612139      2    0.0612139    2
      2    0.0621844      2    0.0621844    2
      2    0.0931991      2    0.0931991    2
      3    0.148278      3    0.180783    0
      2    0.0951461      2    0.0951461    2
      3    0.132579      3    0.163353    0
      3    0.138528      4    0.203549    0
      3    0.232636      4    0.150956    0
      2    0.130072      2    0.130072    2
      4    0.189177      2    0.248527    0
      2    0.107088      3    0.0980431    0
      3    0.103889      4    0.164106    0
      3    0.155231      3    0.243179    0
      4    0.210645      3    0.0868111    0
      4    0.169744      4    0.143931    0
      3    0.183802      3    0.167077    0
      4    0.150596      2    0.201049    0
      3    0.213535      3    0.185817    0
      4    0.147181      3    0.164058    0
      3    0.157608      3    0.0827289    0
      4    0.169618      3    0.0690491    0
      2    0.101838      2    0.101838    2
      3    0.132816      3    0.234157    3
      4    0.107874      3    0.169589    0
      2    0.116414      2    0.116414    2
      4    0.185414      3    0.133857    0
      2    0.211335      3    0.20112    0
      4    0.23149      4    0.230589    0
      2    0.152691      3    0.148042    0
      2    0.130494      2    0.130494    2
      3    0.0793789      2    0.141007    0
      4    0.209276      2    0.222098    0
      4    0.136722      4    0.183946    0
      2    0.151049      2    0.151049    2
      3    0.130757      4    0.120421    0
      3    0.214535      4    0.150956    0
      2    0.157379      2    0.157379    2
      2    0.139981      2    0.139981    2
      2    0.141705      2    0.141705    2
      3    0.156004      4    0.189494    0
      4    0.143525      3    0.130364    0
      4    0.195407      3    0.155144    0
      3    0.0961703      2    0.188997    0
      4    0.0753887      3    0.157114    0
      3    0.100658      3    0.154149    0
      3    0.215545      2    0.251171    0
      3    0.135148      3    0.156132    0
      2    0.0947808      2    0.0947808    2
      2    0.107779      2    0.107779    2
      2    0.201049      3    0.176695    0
      2    0.055704      2    0.055704    2
      3    0.18372      3    0.0480311    3
      3    0.144595      3    0.102641    0
      2    0.12546      3    0.118304    0
      2    0.119      2    0.119    2
      4    0.124206      2    0.166252    0
      3    0.0202907      3    0.13754    3
      2    0.141077      2    0.141077    2
      3    0.15148      3    0.136135    0
      2    0.210748      3    0.187875    0
      3    0.181469      3    0.16569    0
      2    0.229452      2    0.229452    2
      3    0.144661      3    0.196282    0
      2    0.0259922      2    0.0259922    2
      2    0.0180391      2    0.0180391    2
      2    0.120736      2    0.120736    2
      2    0.159174      2    0.159174    2
      2    0.0377998      2    0.0377998    2
      3    0.1068      3    0.136135    3
      3    0.137659      3    0.180783    0
      3    0.223927      3    0.176695    0
      3    0.152797      3    0.200162    3
      3    0.24139      3    0.202644    0
      3    0.0876727      2    0.160242    0
      4    0.108851      3    0.139759    0
      3    0.154391      3    0.146213    3
      3    0.121863      4    0.176278    0
      4    0.156055      3    0.117324    0
      4    0.176789      3    0.166846    0
      2    0.166252      2    0.166252    2
      2    0.0614362      2    0.0614362    2
      3    0.169097      3    0.101511    0
      2    0.0963709      2    0.0963709    2
      4    0.213343      3    0.0919726    0
      4    0.132445      3    0.125862    0
      2    0.0641651      2    0.0641651    2
      3    0.139759      3    0.0447145    3
      2    0.1325      2    0.1325    2
      2    0.216656      4    0.203549    0
      3    0.0318922      3    0.0540572    3
      2    0.143247      2    0.143247    2
      3    0.135014      4    0.150956    0
      3    0.182664      3    0.141943    0
      4    0.128907      4    0.157668    0
      3    0.139713      3    0.139759    3
      2    0.107779      2    0.107779    2
      2    0.0402443      2    0.0402443    2
      2    0.146319      2    0.146319    2
      2    0.170413      3    0.127078    0
      3    0.169251      2    0.298479    0
      2    0.203418      3    0.165922    0
      3    0.0810608      3    0.0919726    0
      4    0.125387      3    0.127983    0
      3    0.134706      3    0.123394    3
      2    0.161339      4    0.150956    0
      3    0.104157      3    0.0794089    3
      4    0.185768      3    0.185195    0
      3    0.198822      4    0.101774    0
      3    0.10101      3    0.111614    0
      4    0.132496      4    0.101774    4
      2    0.0256564      2    0.0256564    2
      2    0.0668443      2    0.0668443    2
      3    0.0543965      2    0.0827053    0
      4    0.152529      3    0.173843    0
      3    0.105152      3    0.161459    3
      4    0.137906      3    0.088565    0
      3    0.193122      4    0.276856    0
      4    0.166823      3    0.161459    0
      4    0.185486      3    0.117324    0
      2    0.215507      4    0.183946    0
      4    0.173322      4    0.155463    0
      3    0.127684      3    0.123394    0
      4    0.179593      3    0.194313    0
      3    0.152934      2    0.242037    0
      2    0.146319      3    0.140582    0
      2    0.0377998      2    0.0377998    2
      3    0.224496      3    0.229178    0
      3    0.222935      3    0.20659    0
      3    0.159154      4    0.193103    0
      4    0.169267      3    0.139759    0
      2    0.017481      2    0.017481    2
      3    0.0536586      2    0.152691    0
      2    0.0508682      2    0.0508682    2
      2    0.0180391      2    0.0180391    2
      2    0.112987      3    0.0480311    0
      2    0.0859328      2    0.0859328    2
      2    0.126483      2    0.126483    2
      2    0.110358      2    0.110358    2
      2    0.167871      2    0.167871    2
      3    0.162029      2    0.166252    0
      4    0.138039      3    0.0881298    0
      4    0.164179      3    0.174285    0
      2    0.0621844      2    0.0621844    2
      3    0.165626      3    0.112984    0
      3    0.166656      3    0.06849    3
      3    0.148278      3    0.209179    3
      3    0.0794957      3    0.125862    0
      3    0.0936659      3    0.0401857    3
      4    0.151733      3    0.156132    0
      4    0.106981      2    0.136007    0
      4    0.100738      2    0.128153    0
      3    0.232616      4    0.201845    0
      3    0.153904      4    0.14631    0
      4    0.134885      3    0.141128    0
      2    0.141705      2    0.141705    2
      3    0.10569      3    0.0588259    0
      3    0.166082      3    0.0813226    0
      2    0.0701246      2    0.0701246    2
      4    0.209442      3    0.10847    0
      4    0.172403      3    0.101511    0
      3    0.0727722      4    0.123255    0
      3    0.113254      3    0.148301    0
      4    0.191498      4    0.200128    0
      4    0.206255      3    0.167077    0
      2    0.156727      4    0.0910298    0
      3    0.106958      3    0.0214802    3
      3    0.0952481      3    0.0455663    3
      2    0.0668443      2    0.0668443    2
      4    0.130138      3    0.0836532    0
      2    0.194851      2    0.194851    2
      3    0.0669113      4    0.176278    0
      2    0.0353497      2    0.0353497    2
      4    0.238214      4    0.174309    0
      4    0.235635      4    0.157668    4
      2    0.126008      2    0.126008    2
      2    0.0872112      2    0.0872112    2
      3    0.159409      3    0.131831    3
      3    0.217614      3    0.182687    0
      3    0.172288      4    0.0695251    0
      2    0.0180391      2    0.0180391    2
      2    0.0988625      2    0.0988625    2
      2    0.0995618      2    0.0995618    2
      4    0.222166      3    0.220804    0
      2    0.117051      2    0.117051    2
      3    0.0753466      3    0.171169    3
      4    0.200808      3    0.0540572    0
      2    0.201191      2    0.201191    2
      3    0.0788159      3    0.051133    3
      3    0.0371047      3    0.0706999    3
      3    0.244319      4    0.194883    0
      4    0.206295      3    0.206962    0
      3    0.0554564      2    0.194399    0
      4    0.170265      2    0.193712    0
      2    0.0849906      2    0.0849906    2
      3    0.141089      3    0.164992    3
      3    0.232613      4    0.164106    0
      3    0.0825961      3    0.0472238    3
      4    0.174882      3    0.0644405    0
      2    0.148534      2    0.148534    2
      3    0.214099      3    0.208627    0
      2    0.0224456      2    0.0224456    2
      3    0.0967283      2    0.143722    0
      3    0.172925      3    0.117324    3
      3    0.146795      3    0.148042    0
      3    0.126854      4    0.101774    0
      2    0.153137      2    0.153137    2
      2    0.0978      2    0.0978    2
      4    0.234056      3    0.193123    0
      3    0.172697      3    0.206962    0
      3    0.10553      2    0.126008    0
      3    0.119988      3    0.212462    0
      4    0.157875      3    0.115341    0
      2    0.178924      3    0.151126    0
      3    0.161001      2    0.169448    0
      3    0.176596      3    0.0690491    3
      3    0.161798      3    0.200929    3
      4    0.155791      4    0.193103    4
      2    0.20332      3    0.182476    0
      3    0.17493      2    0.216585    0
      4    0.121133      3    0.171169    0
      3    0.121112      3    0.232344    3
      3    0.150437      4    0.136545    0
      3    0.114497      2    0.120325    0
      2    0.166252      2    0.166252    2
      3    0.150951      3    0.153399    0
      4    0.226247      4    0.219858    0
      2    0.112669      2    0.112669    2
      2    0.0627332      2    0.0627332    2
      3    0.136931      3    0.211009    3
      3    0.116434      4    0.136545    0
      3    0.152861      2    0.156339    0
      4    0.20881      3    0.164058    0
      2    0.0951461      2    0.0951461    2
      2    0.103403      2    0.103403    2
      2    0.163687      2    0.163687    2
      2    0.0259922      2    0.0259922    2
      3    0.201175      4    0.21186    0
      3    0.180886      3    0.145949    0
      2    0.0867364      2    0.0867364    2
      3    0.250693      3    0.125862    3
      4    0.245884      3    0.224773    0
      3    0.187762      4    0.101774    0
      2    0.201681      4    0.13139    0
      2    0.0384389      2    0.0384389    2
      3    0.188885      3    0.112984    0
      2    0.0528744      2    0.0528744    2
      3    0.111264      3    0.148042    0
      3    0.109382      4    0.0910298    0
      3    0.170374      4    0.0695251    0
      3    0.203699      3    0.179502    0
      2    0.160242      4    0.153226    0
      2    0.149245      2    0.149245    2
      2    0.0947808      2    0.0947808    2
      3    0.228416      3    0.0831923    0
      2    0.0906475      2    0.0906475    2
      2    0.17018      2    0.17018    2
      3    0.178195      3    0.123394    0
      3    0.133868      4    0.201845    0
      4    0.246688      2    0.26166    0
      3    0.199292      3    0.139759    3
      2    0.154551      2    0.154551    2
      3    0.0904035      3    0.0263077    0
      2    0.0429832      2    0.0429832    2
      3    0.0780653      3    0.089858    3
      3    0.195044      3    0.127078    0
      3    0.116339      3    0.172288    0
      2    0.231274      2    0.231274    2
      3    0.0931014      4    0.176278    0
      2    0.11373      2    0.11373    2
      3    0.210136      4    0.183946    0
      3    0.115074      3    0.24896    0
      3    0.121552      3    0.085021    3
      2    0.0849906      2    0.0849906    2
      2    0.221837      3    0.110228    0
      3    0.116194      2    0.136395    0
      3    0.122362      3    0.265116    3
      3    0.136016      3    0.0881298    3
      2    0.0978887      2    0.0978887    2
      3    0.0945117      4    0.136545    0
      2    0.166252      3    0.0984345    0
      3    0.102217      2    0.1164    0
      2    0.0612139      2    0.0612139    2
      3    0.146695      3    0.085021    0
      3    0.119965      3    0.190718    0
      3    0.190665      3    0.211555    0
      3    0.101361      3    0.176695    0
      4    0.0997859      2    0.146319    0
      4    0.201739      3    0.151381    0
      4    0.177866      3    0.0964617    0
      4    0.176007      4    0.180153    0
      2    0.0925455      2    0.0925455    2
      2    0.0274751      2    0.0274751    2
      2    0.165433      3    0.105959    0
      3    0.169624      4    0.159843    0
      3    0.178806      3    0.256266    0
      4    0.112961      4    0.150956    0
      4    0.200753      4    0.206913    0
      2    0.0855475      2    0.0855475    2
      3    0.104157      3    0.0794089    3
      4    0.207751      3    0.200354    0
      4    0.180136      3    0.127983    0
      4    0.104905      3    0.111269    0
      4    0.216045      4    0.0525561    4
      3    0.103889      3    0.119597    0
      3    0.225378      4    0.185814    0
      4    0.136769      4    0.0947468    0
      3    0.193786      3    0.231681    3
      3    0.0761765      3    0.197259    3
      2    0.114328      2    0.114328    2
      4    0.1084      3    0.180783    0
      3    0.0738152      3    0.151634    0
      4    0.145309      3    0.158333    0
      2    0.102742      2    0.102742    2
      2    0.201049      2    0.201049    2
      2    0.188471      2    0.188471    2
      3    0.18117      3    0.185817    0
      2    0.13814      2    0.13814    2
      3    0.159626      3    0.168908    0
      3    0.180376      3    0.227494    3
      4    0.215674      3    0.233005    0
      4    0.20467      3    0.192524    0
      3    0.133984      3    0.0915536    3
      3    0.102638      4    0.178226    0
      3    0.0951152      2    0.101838    0
      2    0.0963709      2    0.0963709    2
      3    0.132816      4    0.180153    0
      3    0.191353      3    0.0968595    0
      3    0.150349      2    0.22917    0
      2    0.0377998      2    0.0377998    2
      2    0.11373      2    0.11373    2
      2    0.126561      2    0.126561    2
      2    0.148471      4    0.0947468    0
      2    0.0932346      2    0.0932346    2
      4    0.150415      2    0.237933    0
      3    0.196906      2    0.220553    0
      2    0.0274751      2    0.0274751    2
      3    0.159055      3    0.153399    0
      2    0.152691      4    0.0695251    0
      4    0.145606      3    0.174285    0
      2    0.130494      3    0.101132    0
      2    0.150064      3    0.135001    0
      3    0.0284656      3    0.132992    3
      2    0.156727      2    0.156727    2
      3    0.178691      3    0.135001    0
      2    0.115105      2    0.115105    2
      2    0.163305      4    0.161989    0
      2    0.110358      2    0.110358    2
      2    0.151049      2    0.151049    2
      2    0.118635      2    0.118635    2
      3    0.129548      2    0.146319    0
      2    0.0741713      2    0.0741713    2
      4    0.146695      3    0.226986    0
      3    0.141423      3    0.124942    3
      2    0.157379      2    0.157379    2
      2    0.0627332      3    0.0503755    0
      3    0.0932982      3    0.108823    0
      2    0.126008      2    0.126008    2
      4    0.12096      2    0.210678    0
      3    0.136078      4    0.236502    0
      2    0.208544      3    0.193917    0
      2    0.176433      2    0.176433    2
      3    0.214076      4    0.203549    0
      2    0.197863      3    0.174946    0
      3    0.118701      3    0.165225    3
      3    0.0972588      3    0.0480311    0
      4    0.1707      2    0.180859    0
      3    0.135149      3    0.106321    3
      2    0.153137      2    0.153137    2
      4    0.144232      4    0.136545    4
      2    0.158667      3    0.153399    0
      3    0.0974475      2    0.0978887    0
      2    0.229582      4    0.185814    0
      3    0.151006      3    0.193917    0
      4    0.269583      4    0.206913    4
      3    0.167026      3    0.157114    0
      4    0.182833      3    0.124325    0
      4    0.184585      3    0.0907098    0
      2    0.107779      2    0.107779    2
      2    0.174349      3    0.086367    0
      3    0.139432      4    0.143931    0
      3    0.213326      4    0.213484    0
      3    0.110429      2    0.212271    0
      3    0.10019      3    0.100369    3
      4    0.151794      3    0.177347    0
      2    0.0974489      2    0.0974489    2
      3    0.143923      3    0.102641    0
      4    0.199273      3    0.120876    0
      3    0.0726203      3    0.214264    0
      3    0.131147      3    0.104129    3
      2    0.119      2    0.119    2
      3    0.0831218      3    0.13754    0
      2    0.126483      2    0.126483    2
      3    0.11884      3    0.190718    0
      3    0.137116      2    0.164213    0
      4    0.187082      2    0.200135    0
      3    0.0585122      2    0.0859328    0
      4    0.227355      3    0.122141    0
      4    0.150926      3    0.126775    0
      3    0.190811      3    0.109176    0
      3    0.197732      2    0.210748    0
      4    0.127432      3    0.147261    0
      2    0.0756268      2    0.0756268    2
      3    0.226678      3    0.101511    3
      3    0.0802795      2    0.0991253    0
      3    0.127668      4    0.194883    0
      3    0.144661      4    0.136545    0
      2    0.109256      2    0.109256    2
      2    0.0259922      2    0.0259922    2
      4    0.163805      2    0.262321    0
      2    0.0180391      2    0.0180391    2
      4    0.237562      4    0.111488    0
      3    0.107707      2    0.120736    0
      2    0.0995618      2    0.0995618    2
      3    0.112772      4    0.153226    0
      3    0.10653      3    0.0712417    0
      3    0.231927      4    0.203549    0
      2    0.107519      2    0.107519    2
      3    0.1068      3    0.136135    3
      3    0.191056      3    0.18767    0
      3    0.185571      3    0.0984345    0
      3    0.237731      4    0.250676    0
      3    0.138796      3    0.131831    0
      2    0.0194491      2    0.0194491    2
      3    0.223818      3    0.132992    3
      4    0.275442      3    0.230182    0
      3    0.189097      3    0.136135    0
      2    0.159361      2    0.159361    2
      3    0.112429      2    0.160242    0
      3    0.205986      3    0.132122    0
      4    0.0851242      2    0.0874807    0
      4    0.108179      4    0.161989    0
      4    0.177614      3    0.129773    0
      2    0.0572613      2    0.0572613    2
      3    0.130396      3    0.0540572    0
      4    0.105093      3    0.198037    0
      3    0.215623      4    0.200128    0
      3    0.15411      3    0.138931    0
      3    0.208208      3    0.213545    0
      2    0.195171      2    0.195171    2
      2    0.126483      2    0.126483    2
      2    0.163687      2    0.163687    2
      2    0.0614362      2    0.0614362    2
      3    0.0883276      2    0.143722    0
      3    0.0763316      3    0.0613847    3
      3    0.153711      3    0.129773    3
      3    0.140793      3    0.148042    0
      3    0.21787      3    0.119918    0
      2    0.0274751      2    0.0274751    2
      2    0.153137      2    0.153137    2
      2    0.156339      2    0.156339    2
      2    0.0811275      2    0.0811275    2
      2    0.0641651      2    0.0641651    2
      2    0.129741      2    0.129741    2
      3    0.157104      2    0.192652    0
      3    0.10553      3    0.117978    0
      2    0.1325      3    0.101511    0
      2    0.0590717      2    0.0590717    2
      3    0.112403      2    0.115503    0
      3    0.0326432      2    0.0597459    0
      2    0.158688      3    0.143826    0
      3    0.132717      2    0.169448    0
      2    0.143247      2    0.143247    2
      2    0.0308723      2    0.0308723    2
      3    0.23166      2    0.250579    0
      4    0.1878      3    0.114673    0
      3    0.200271      3    0.221499    0
      2    0.112987      2    0.112987    2
      3    0.145466      3    0.164058    3
      4    0.0862149      3    0.0881298    0
      3    0.13863      4    0.136545    0
      3    0.134712      3    0.133857    3
      3    0.171265      4    0.133992    0
      3    0.150437      3    0.0980431    0
      2    0.0402443      2    0.0402443    2
      2    0.0805348      2    0.0805348    2
      4    0.121804      3    0.125556    0
      2    0.212644      3    0.130659    0
      4    0.0677646      3    0.127078    0
      2    0.0662922      2    0.0662922    2
      3    0.259038      3    0.228169    0
      3    0.180254      3    0.196478    0
      3    0.138265      3    0.165922    0
      4    0.168531      3    0.161459    0
      3    0.135101      4    0.164106    0
      4    0.119901      3    0.0915536    0
      3    0.0885389      3    0.139759    0
      2    0.194484      2    0.194484    2
      2    0.20856      4    0.183946    0
      3    0.168822      3    0.230349    0
      3    0.116809      3    0.176041    0
      2    0.103403      2    0.103403    2
      2    0.215791      2    0.215791    2
      4    0.130858      3    0.0932183    0
      4    0.127008      3    0.184571    0
      3    0.186199      4    0.170301    0
      3    0.184879      4    0.256127    0
      4    0.175947      3    0.208073    0
      3    0.0525321      4    0.187663    0
      3    0.167434      3    0.122456    0
      3    0.132646      3    0.0690491    3
      3    0.1878      3    0.200929    0
      2    0.0256564      2    0.0256564    2
      2    0.0106372      2    0.0106372    2
      2    0.0668443      2    0.0668443    2
      3    0.129567      3    0.182687    0
      2    0.0827053      2    0.0827053    2
      3    0.0697081      2    0.168542    0
      3    0.1859      3    0.173843    0
      3    0.11451      3    0.165922    3
      3    0.0676541      3    0.114673    3
      4    0.162431      3    0.181843    0
      3    0.106336      3    0.0827289    3
      2    0.150764      2    0.150764    2
      4    0.151622      3    0.112984    0
      3    0.238435      3    0.251877    0
      4    0.172736      3    0.197259    0
      3    0.17833      2    0.205172    0
      2    0.0991253      2    0.0991253    2
      3    0.0567556      2    0.0918063    0
      3    0.198897      3    0.115674    0
      3    0.156566      4    0.198395    0
      3    0.199633      3    0.225627    0
      3    0.17327      3    0.226477    0
      4    0.0875349      3    0.125862    0
      3    0.239611      3    0.154398    0
      3    0.222453      3    0.197454    0
      3    0.133868      3    0.0964617    0
      3    0.13051      3    0.0472238    3
      3    0.142627      2    0.165553    0
      2    0.146319      2    0.146319    2
      3    0.178293      3    0.174946    3
      2    0.0377998      2    0.0377998    2
      4    0.194653      4    0.200128    0
      4    0.178658      3    0.119597    0
      2    0.0573118      2    0.0573118    2
      3    0.192328      3    0.183527    0
      3    0.19627      3    0.0968595    3
      4    0.0916076      3    0.168908    0
      3    0.169392      4    0.0947468    0
      3    0.125697      3    0.194906    3
      3    0.11492      3    0.117324    3
      2    0.017481      2    0.017481    2
      3    0.101529      3    0.0995995    3
      3    0.152218      2    0.200646    0
      3    0.168528      3    0.171169    0
      3    0.162369      3    0.145949    3
      4    0.229267      3    0.170719    0
      2    0.0180391      2    0.0180391    2
      3    0.206959      3    0.116996    0
      4    0.116548      3    0.0480311    0
      4    0.138747      3    0.230849    0
      2    0.20856      3    0.0690491    0
      2    0.224798      3    0.189505    0
      2    0.126483      2    0.126483    2
      2    0.0647544      2    0.0647544    2
      2    0.149245      2    0.149245    2
      3    0.147107      3    0.135001    0
      2    0.199575      3    0.15809    0
      4    0.183045      4    0.155463    0
      2    0.126483      2    0.126483    2
      2    0.0745267      2    0.0745267    2
      3    0.184566      3    0.155391    0
      3    0.129725      3    0.134144    0
      3    0.108926      3    0.125862    0
      3    0.0979144      3    0.0919726    0
      2    0.0621844      2    0.0621844    2
      4    0.190365      4    0.176278    0
      4    0.20653      2    0.207693    0
      3    0.102785      3    0.198619    3
      2    0.181997      2    0.181997    2
      3    0.20091      3    0.18991    3
      3    0.148278      3    0.209179    3
      2    0.0854702      2    0.0854702    2
      3    0.14152      3    0.125862    0
      2    0.0951461      2    0.0951461    2
      3    0.173645      3    0.148301    0
      2    0.130579      2    0.130579    2
      3    0.196587      3    0.178428    0
      4    0.231      3    0.135285    0
      3    0.118475      3    0.153399    3
      3    0.114955      3    0.103015    0
      3    0.122007      4    0.161989    0
      3    0.145224      4    0.170301    0
      3    0.209855      4    0.153226    0
      2    0.183248      3    0.155391    0
      3    0.142543      3    0.0561506    0
      3    0.128912      3    0.115674    0
      2    0.0756268      2    0.0756268    2
      3    0.13488      2    0.146992    0
      4    0.0846443      4    0.170301    4
      2    0.0590717      2    0.0590717    2
      3    0.0934337      3    0.112643    0
      2    0.107088      2    0.107088    2
      3    0.0847952      4    0.208575    0
      3    0.158021      4    0.114543    0
      3    0.101642      3    0.189099    0
      3    0.0847849      3    0.217116    0
      3    0.175521      4    0.26278    0
      3    0.15901      2    0.168137    0
      3    0.168469      3    0.0919726    0
      4    0.167827      3    0.166846    0
      4    0.252794      4    0.143931    0
      3    0.00263373      2    0.00529914    0
      3    0.0589515      3    0.132703    0
      4    0.235754      3    0.115341    0
      4    0.214488      4    0.194883    4
      4    0.199761      3    0.209913    0
      2    0.158688      4    0.143931    0
      2    0.0481661      2    0.0481661    2
      3    0.116274      4    0.155463    0
      3    0.158854      3    0.111269    0
      4    0.172439      3    0.160264    0
      2    0.138844      3    0.0561506    0
      4    0.198032      2    0.207607    0
      2    0.244913      4    0.193103    0
      2    0.208544      3    0.105596    0
      3    0.175727      3    0.165225    0
      2    0.163535      2    0.163535    2
      2    0.122229      2    0.122229    2
      3    0.178058      4    0.157668    0
      4    0.185476      3    0.120557    0
      3    0.179173      4    0.176278    0
      3    0.191785      3    0.215159    0
      2    0.0353497      2    0.0353497    2
      3    0.204624      3    0.105596    0
      3    0.149477      3    0.193917    3
      4    0.153842      3    0.0798916    0
      3    0.180323      3    0.171393    0
      3    0.134466      3    0.136699    3
      2    0.126008      3    0.0868111    0
      2    0.0337358      2    0.0337358    2
      4    0.188209      3    0.107042    0
      4    0.150018      3    0.105959    0
      3    0.238318      3    0.248806    0
      3    0.0855082      3    0.0733688    3
      2    0.109256      2    0.109256    2
      2    0.188182      4    0.136545    0
      4    0.122074      3    0.105959    0
      2    0.168784      2    0.168784    2
      3    0.126052      4    0.111488    0
      3    0.0995171      3    0.0447145    3
      4    0.15704      2    0.18479    0
      3    0.212639      3    0.105959    0
      3    0.116786      3    0.139483    0
      2    0.0654396      2    0.0654396    2
      2    0.165655      2    0.165655    2
      4    0.271295      3    0.158333    0
      2    0.117051      2    0.117051    2
      4    0.172095      4    0.200128    0
      2    0.145308      2    0.145308    2
      2    0.198835      2    0.198835    2
      2    0.158688      2    0.158688    2
      2    0.0875515      2    0.0875515    2
      3    0.183599      3    0.135001    0
      4    0.0305476      3    0.155391    0
      4    0.070286      3    0.204908    0
      3    0.156149      3    0.129476    0
      3    0.0371047      3    0.0706999    3
      2    0.163305      2    0.163305    2
      2    0.167677      2    0.167677    2
      2    0.179889      2    0.179889    2
      4    0.228802      4    0.153226    4
      4    0.103487      3    0.165225    0
      3    0.0554564      4    0.170301    0
      3    0.119044      3    0.0995995    0
      2    0.193712      3    0.138654    0
      2    0.136531      2    0.136531    2
      3    0.0889201      4    0.21186    0
      2    0.0701246      2    0.0701246    2
      4    0.126956      3    0.164992    0
      4    0.140133      3    0.114    0
      3    0.126789      3    0.181843    0
      3    0.176286      3    0.0588259    0
      3    0.0825961      3    0.0472238    3
      4    0.192459      2    0.211382    0
      4    0.156263      3    0.0644405    0
      2    0.073618      2    0.073618    2
      3    0.163986      3    0.175823    0
      3    0.207343      3    0.107401    0
      4    0.104082      3    0.172288    0
      3    0.148962      3    0.147261    3
      2    0.0224456      2    0.0224456    2
      4    0.109327      4    0.143931    4
      3    0.104191      3    0.0980431    3
      3    0.0942172      3    0.0588259    3
      4    0.17966      4    0.194883    0
      2    0.177497      3    0.124942    0
      2    0.21273      4    0.187663    0
      4    0.172503      3    0.185195    0
      2    0.142197      2    0.142197    2
      4    0.171544      3    0.103015    0
      3    0.0770864      3    0.142753    3
      2    0.0365896      2    0.0365896    2
      2    0.039925      2    0.039925    2
      3    0.149662      3    0.117324    0
      3    0.0633919      3    0.193123    0
      3    0.169549      2    0.171464    0
      4    0.234799      3    0.192325    0
      2    0.116701      2    0.116701    2
      4    0.208305      3    0.171169    0
      3    0.160854      3    0.0919726    0
      2    0.10915      2    0.10915    2
      2    0.21511      3    0.141128    0
      3    0.121629      2    0.124783    0
      3    0.0680914      3    0.0952584    0
      2    0.0709151      2    0.0709151    2
      3    0.201971      3    0.108823    0
      2    0.183056      4    0.143931    0
      3    0.108879      3    0.158333    0
      2    0.201049      2    0.201049    2
      3    0.159756      3    0.168452    0
      3    0.161798      4    0.101774    0
      2    0.0324759      2    0.0324759    2
      3    0.0690596      2    0.0874807    0
      3    0.142018      3    0.0948539    0
      2    0.225062      4    0.193103    0
      3    0.155714      3    0.132992    0
      2    0.0916803      3    0.0638411    0
      2    0.167211      2    0.167211    2
      3    0.192833      3    0.171169    0
      2    0.0274751      2    0.0274751    2
